	B_lymph	CD-IC	CD-PC	DCT	Endo	Fib	LOH	Macro	NK	Neutro	PT	Podo	T_lymph	ds
0	0.12160291975902479	0.024822519186031202	0.08878137427184096	0.04785089553390951	0.03547438422411476	0.029525481486428473	0.07167102134018608	0.08948285509422725	0.07211277403321804	0.10045210184834169	0.10817683385115197	0.09060906778763196	0.11943777158389314	mouse_9897_10000
1	0.14511549074420435	0.14109127357862733	0.054115227852829274	0.019525730028521694	0.04246780524425104	0.08848322319404224	0.04504437587989772	0.09278354261651628	0.08641072207842883	0.1322072169596831	0.13266989469412802	0.01583571483458406	0.004249782294286031	mouse_9897_10000
2	0.03163492677626039	0.03626101489204866	0.025443569921239043	0.0855094975287824	0.11968418143716282	0.14069605475050406	0.004714269675668251	0.038240634958714076	0.1678095105324021	0.11257357852176493	0.051779345939677875	0.0939778430910228	0.09167557197475261	mouse_9897_10000
3	0.054956539466413316	0.0596750484170413	0.1371616757032136	0.10151788147207447	0.0637967507544404	0.10869684451691448	0.07280838443397845	0.07273747353183227	0.13658942263736668	0.12248183167392396	0.0067239637521627135	0.03361957485381497	0.029234608786823522	mouse_9897_10000
4	0.13281085657144645	0.03307872099879099	0.08304228686701592	0.15195929007876383	0.08674593079988115	0.03655511352472888	0.06631136883097327	0.0329421477692848	0.13183939410339052	0.06855924076229825	0.014895574702615547	0.13088824148650702	0.030371833504303596	mouse_9897_10000
5	0.20838864006667468	0.08986379537244847	0.03205680242056066	0.08193309936085573	0.15773005861340053	0.003946795988153751	0.03381734807382423	0.09121053598102552	0.11078254650587119	0.014627499486754363	0.015694664996312727	0.0451946693087306	0.11475354382538758	mouse_9897_10000
6	0.09405863809249099	0.07125306294922391	0.09530005290392247	0.17684807665719351	0.028355700915291843	0.08928266984324276	0.15613781502378835	0.08177562602786764	0.00733668850902993	0.11530393983859089	0.005209816957122296	0.0005767076135395623	0.07856120466869577	mouse_9897_10000
7	0.03921435868048966	0.09517033712883972	0.12787178752564807	0.10919677883641139	0.0698304090961525	0.0029323827720294945	0.09333389388788925	0.052912264938016026	0.07622356854290789	0.12368081462929421	0.028615528396816275	0.03515598650439822	0.14586188906110736	mouse_9897_10000
8	0.05961425654393412	0.12330589598923389	0.089390141260033	0.0251168017132871	0.10887207551981293	0.09308749705848517	0.10520522664766473	0.0922976894022949	0.01901827266317876	0.0756751655607471	0.05068232718621859	0.061574719077711386	0.09615993137739835	mouse_9897_10000
9	0.08625839281549506	0.029563611215906248	0.09779078944541209	0.03068193446160973	0.10498551568807535	0.0391966634118266	0.12752524608029617	0.10541264113008247	0.1225802275706763	0.09085606237861786	0.06091520159263512	0.04863130790468763	0.0556024063046795	mouse_9897_10000
10	0.13103602597007763	0.00528203560998654	0.1737696803733044	0.012598590039569145	0.18837022004768014	0.05079685088436546	0.03911650005959717	0.14527445581236445	0.013089921316264555	0.0059337515910996685	0.03464398292707208	0.08924700414429272	0.11084098122432597	mouse_9897_10000
11	0.025530297688764546	0.08111901672565282	0.17664192544136637	0.1169082236709024	0.04683307663630936	0.08902486122148327	0.11555772017171795	0.03467828750531224	0.04287018253694095	0.04277118815345322	0.0239558606387223	0.13823763148891946	0.06587172812045508	mouse_9897_10000
12	0.01196941322705193	0.0005980504824200215	0.05887282588991862	0.08387380410872942	0.022169227433567352	0.12599549681886688	0.09922452291652291	0.12226707670637062	0.1426318240668177	0.03125308877241074	0.09100394759283686	0.11721426050724393	0.0929264614772429	mouse_9897_10000
13	0.022627695748096702	0.04358116795456969	0.0033464631273275843	0.203134697917135	0.031100901380855896	0.09718982099211723	0.07679248355515153	0.019153090089738915	0.14745620960817327	0.053574837012830334	0.17696462973107596	0.11723241638811284	0.007845586494815097	mouse_9897_10000
14	0.16010681771923	0.11524193642574442	0.005804347771514085	0.08558863317596922	0.029754059521755978	0.10386985011128907	0.039858360003581686	0.03480478561422605	0.010718121968107732	0.13213320573514964	0.12317079717662605	0.12288864894434857	0.03606043583245753	mouse_9897_10000
15	0.025431663548177694	0.08668365541438484	0.06808436080100766	0.05547390661653297	0.10781774244959307	0.041629877000938544	0.11416886541328564	0.03980284609225214	0.12988879144379378	0.11934464329669815	0.004955261075559141	0.10005728070373357	0.10666110614404292	mouse_9897_10000
16	0.026519421849433344	0.11443205785278944	0.1319772659244793	0.06120830811560191	0.09931716213227912	0.005138331332503541	0.09811182431585322	0.17808704548063028	0.0898964812170044	0.12011408424385371	0.011900503400283294	0.06299232086566364	0.0003051932696247772	mouse_9897_10000
17	0.028213186029591764	0.08922523199481318	0.13392052761528203	0.1257928658262051	0.06843709433265807	0.05376090713248427	0.02170551534894891	0.030615982399429552	0.12613349846121974	0.061678356462858734	0.11216354453328557	0.07435886652487393	0.07399442333834907	mouse_9897_10000
18	0.006248989981437437	0.11935702237036126	0.05020521938834859	0.16346761279031005	0.004516163518597579	0.13272569251231295	0.056063313376027525	0.06401594999708515	0.17051926657012906	0.014713096993397802	0.14518178549928099	0.07245819887208231	0.0005276881306292338	mouse_9897_10000
19	0.1413644491656374	0.033240775654269014	0.12149484188922013	0.1420162618803899	0.09447620161902634	0.13306853378288347	0.008861096233514141	0.03775987220056115	0.04344280289346545	0.09793136530962426	0.016158314044084382	0.08104984544018756	0.04913563988713676	mouse_9897_10000
20	0.03353431559998873	0.02187646007021993	0.05994251788427668	0.20587651680334945	0.0527929648790552	0.17351548363796238	0.143043078577212	0.020080138030031967	0.09510946078341842	0.11487674169010997	0.04123081291539984	0.004068051131594395	0.034053457997381166	mouse_9897_10000
21	0.16197006667082173	0.020320459527714854	0.09165561142319668	0.10546657265106461	0.02215564599522773	0.07772814434651187	0.011715663623907668	0.023588445989601654	0.17786733428853865	0.0490749098710265	0.09556457601838522	0.007494341829020788	0.155398227764982	mouse_9897_10000
22	0.12533811814080528	0.09375080066361968	0.059276659339143375	0.11689788559644133	0.11656689295932489	0.08591552450774749	0.0550704760512542	0.06069146734697513	0.08314505595996755	0.0561088747108013	0.04220724012272447	0.08991862622571337	0.015112378375481858	mouse_9897_10000
23	0.018112259748490706	0.034958331323503226	0.00020901527556629776	0.06943122599808167	0.09548278092057946	0.07335880914829157	0.14535440686527842	0.14721777280013268	0.0774522902912678	0.02951360823154509	0.15978128596966526	0.0762507877808574	0.07287742564674049	mouse_9897_10000
24	0.04671470562079654	0.1288904033820935	0.08398765791890211	0.1050793629890365	0.11157368163333163	0.044024591259113184	0.01119344349621404	0.032308610102916024	0.08922838707908655	0.09794042724183785	0.057820266870618774	0.10800368619791095	0.08323477620814226	mouse_9897_10000
25	0.0013761306598456648	0.14423100975341457	0.08647923344764243	0.05085590664437852	0.03302690825004402	0.0804933012683727	0.18597180589292545	0.04958758735798121	0.07242412729733574	0.1086210112094057	0.10669377297696765	0.0003407458447466547	0.07989845939694001	mouse_9897_10000
26	0.014921838574839048	0.0017713490161973102	0.16916779699406742	0.05608730400065022	0.030131348831470013	0.025349366977700592	0.0635183922515773	0.06599614864219007	0.1857786604065071	0.2410590559276441	0.07867445936813625	0.008001766420536774	0.05954251258848388	mouse_9897_10000
27	0.13180628522706242	0.029675524534738443	0.03933987598236552	0.08958464081514753	0.12256285127620536	0.15583298002973342	0.055000636741754226	0.05391888602070974	0.03164605690001044	0.06180188077839482	0.030849970323198417	0.15523989834163687	0.042740513029042866	mouse_9897_10000
28	0.09737681079413221	0.13417858481327954	0.07557785867490675	0.09266992248892335	0.06704268197074484	0.07955733040298646	0.0794894448392476	0.0069058956246007	0.03678844789623446	0.12062048175240661	0.10305019264548572	0.09419027822145014	0.012552069875601736	mouse_9897_10000
29	0.11397745413923263	0.027103163128867194	0.04619046499346083	0.1265073825717927	0.06959327030754073	0.10522042059869265	0.12598220153652948	0.001009260504429858	0.14107250260229756	0.07724510526112827	0.04057979616665695	0.0807365553992704	0.04478242279010074	mouse_9897_10000
30	0.06589993331589511	0.0804860180577106	0.09919477037878897	0.11487214651147956	0.119312815662786	0.02291278135302265	0.06446834628853695	0.09418416253287223	0.12198346843436998	0.019405862416712712	0.11204728894217282	0.04077446452442766	0.04445794158122482	mouse_9897_10000
31	0.046412947940912996	0.09738282189274042	0.11834684336009993	0.004483542818566747	0.03335490397831854	0.08293917155826025	0.07815950085177897	0.11033803689677893	0.10132138579696275	0.07444280259909855	0.05780915037285624	0.11807186211079254	0.07693702982283315	mouse_9897_10000
32	0.09052040150234182	0.14117963505747666	0.11056484459739799	0.17341776927424563	0.028793714097647635	0.02373602158225297	0.02560460976645876	0.0070882795006542605	0.048745461603577435	0.06856799977714281	0.18673660790664662	0.04750891199469003	0.047535743339467286	mouse_9897_10000
33	0.02544218906095553	0.12031839053811566	0.09208585048555509	0.05074751976144401	0.07495311602554398	0.016859486445569102	0.13812342890580456	0.128915296651992	0.0177431455139234	0.057718165933428524	0.13986847845968114	0.12522188079897076	0.012003051419016045	mouse_9897_10000
34	0.02745758951457853	0.05818618864476578	0.1483444192814472	0.10842679233213004	0.0748972582689191	0.05124873685536123	0.051911851802696286	0.0811180520644326	0.04830586746401531	0.09912866787944132	0.059541710426388714	0.13204248398190135	0.05939038148392251	mouse_9897_10000
35	0.06981664864962185	0.14393859835662767	0.04273943462488167	0.08751212895379103	0.06924298834555448	0.029407084000061274	0.05930897791835063	0.15562114193512228	0.08714873069422571	0.03255126583441953	0.008837065473664852	0.1457246731125683	0.06815126210111089	mouse_9897_10000
36	0.07143623193741525	0.17364483215926746	0.08673630236043492	0.09439857969903016	0.024857146465947486	0.11322215874344813	0.019778432611918556	0.12576551264822414	0.10179611583963794	0.04928740262245271	0.06191939579981591	0.015599462925374131	0.061558426187033055	mouse_9897_10000
37	0.012548326098877327	0.1480604464507153	0.14236658873409394	0.08174066502431815	0.028732857313236247	0.0610471847347183	0.06430212220643525	0.04270769275037428	0.08559043560331066	0.04365285469423466	0.07474250004208084	0.15213050198744846	0.06237782436015661	mouse_9897_10000
38	0.028478407152986676	0.17770555185679315	0.004193657053067564	0.03973311303945735	0.09374293807362076	0.033704682029779394	0.04425687822095101	0.07399183241885104	0.18672302969387441	0.12585061483471602	0.12967286815694523	0.061286420350131605	0.0006600071188258102	mouse_9897_10000
39	0.1066071104125286	0.03987727069455706	0.11340663149034337	0.098886150862157	0.03823434952283269	0.09394354277941129	0.08166978959066681	0.14387519727308423	0.00045482134477329254	0.07774293812867926	0.06607354935497495	0.030667455800755354	0.10856119274523629	mouse_9897_10000
40	0.19485968666705966	0.014548538032189265	0.04447575571793233	0.15613934501220203	0.041114250092171345	0.13704903576751276	0.030454759169878956	0.0941322408378303	0.02952139720588743	0.018688955670328643	0.11672209016094179	0.06738445545807309	0.05490949020799254	mouse_9897_10000
41	0.016756881867359304	0.10270787713437882	0.15179489316577416	0.02194085873161307	0.03434525861797442	0.011278018820132294	0.049708365847653334	0.010351523586363863	0.14677752259466617	0.07200269803802604	0.19569359124694977	4.821223663804844e-05	0.18659429811247072	mouse_9897_10000
42	0.10206504863886016	0.05832047847624574	0.17549551562561042	0.00812197705520553	0.032423195863927744	0.05571219125032275	0.1294205839887474	0.09257585905364897	0.1491434805614331	0.15621025156710183	0.015785460456267334	0.016018157595164513	0.008707799867464368	mouse_9897_10000
43	0.14732100083891245	0.06876211462675863	0.13184423455394212	0.09890264097469485	0.05799853615963907	0.0446247017985615	0.05433811857235726	0.004780443709574597	0.005053975972271318	0.0530925461211055	0.12705076224488004	0.16666074666475914	0.03957017776254362	mouse_9897_10000
44	0.03247861980017278	0.11047769068188883	0.07670944157445309	0.07138038973220844	0.07861867951660162	0.04223647509001652	0.09412690484454832	0.11288434143338447	0.09528542217273692	0.050246173738177934	0.10826401155720485	0.02139620598190874	0.10589564387669757	mouse_9897_10000
45	0.0715349392436263	0.12167552581330456	0.059869277270699156	0.11754767899021205	0.03556588144255887	0.08787579933924738	0.0566409559223908	0.07302437234014546	0.04861391619415281	0.10305510369721199	0.02585937953806092	0.1120181518416359	0.08671901836675365	mouse_9897_10000
46	0.02380592012847302	0.056281277420738095	0.021872158971985182	0.11461234854756198	0.10723734330470315	0.11975466915924354	0.08928817874325748	0.04725958567069187	0.06821840893975324	0.062222499671675105	0.0993256648861723	0.11958048617900832	0.0705414583767366	mouse_9897_10000
47	0.08744483076441485	0.01988245967532913	0.0673977650290205	0.09500779608408398	0.012594370339225372	0.21433240924164262	0.017809380672980758	0.034623287002052104	0.1148983548127244	0.08076589162631818	0.1319787123998329	0.09354945699014305	0.029715285362232224	mouse_9897_10000
48	0.03746897843305215	0.028641179601347724	0.03586788581745932	0.12768994368826508	0.10206083183148983	0.05909078278712401	0.0706930526177517	0.07808640634788602	0.10527925332132261	0.09538243737423642	0.09673852800304546	0.13295444450498778	0.03004627567203173	mouse_9897_10000
49	0.035094450691337084	0.1315738946364132	0.0716513776267859	0.09109098311379109	0.015724143661013115	0.12593417625748046	0.0921098361959934	0.0714498163406759	0.06062365979716476	0.12461747190275461	0.08640790839242382	0.006370818691418334	0.08735146269274822	mouse_9897_10000
50	0.03536292780743609	0.16579402226305562	0.09313435371194423	0.02880555238915421	0.051873301404162374	0.021792404008214368	0.032434599512693646	0.025536249491922132	0.005276313184372826	0.08675839452173657	0.17018323590842854	0.17789279085086981	0.10515585494600942	mouse_9897_10000
51	0.15744477453655792	0.04666111472481566	0.1246271482691247	0.08870959674348108	0.12290417744230368	0.027903768731248512	0.052583039706394955	0.05355386509027098	0.08892834341536006	0.11480367212131656	0.07322910039481507	0.017997170794238855	0.030654228030072107	mouse_9897_10000
52	0.1392914692588549	0.15426736263848687	0.0008266043716669734	0.031350321124460255	0.01308250780232052	0.1074693807430091	0.1007687791351138	0.014715396505823371	0.09793225883267258	0.10107220708842234	0.12811528138722345	0.021444223984106375	0.0896642071278394	mouse_9897_10000
53	0.09017806310246114	0.05019618530999502	0.1137990771858848	0.02752160309107648	0.1516528377545696	0.0015332996437641344	0.04566351906767787	0.03843091855223077	0.0222954222111297	0.16250563057989229	0.06119753214895598	0.11333691772462384	0.12168899362773834	mouse_9897_10000
54	0.015493974648151497	0.013931861886449001	0.057769597898326586	0.15695460110371873	0.10447759005529204	0.12616119212751725	0.03501408767536266	0.09743719932494842	0.021557176506876503	0.1456844752091641	0.018216016132526557	0.09289251353585022	0.11440971389581645	mouse_9897_10000
55	0.12422391320128222	0.028599705983957526	0.03893635684345131	0.0508126098827732	0.16831617318403566	0.04497816367981062	0.003822245124388568	0.0732949495322475	0.12755127923337975	0.039817120405114426	0.10790135276714709	0.07977677225479796	0.11196935790761411	mouse_9897_10000
56	0.011880354928336737	0.14355207274424248	0.16924230210925217	0.09847534618976292	0.055967111649511236	0.1379259395634535	0.00017436418847540007	0.012897668208938394	0.0007249661767941399	0.09565848113645348	0.1339601168047284	0.13243426208574738	0.007107014214303601	mouse_9897_10000
57	0.10017387933298676	0.09587573941159955	0.09465228745751453	0.05564924593219211	0.006628487174999961	0.047342091725807105	0.1563811700100004	0.11158182921999224	0.10339912067739551	0.08859317483225526	0.03818812036147245	0.02728464530196857	0.07425020856181551	mouse_9897_10000
58	0.07899664188464728	0.13161251330004564	0.09176911508339929	0.030464876619716516	0.029059771485877132	0.10360967591054844	0.0006325742000794871	0.15509114914962574	0.10602948994165702	0.009501376102602226	0.056053209197513366	0.1277705976815044	0.07940900944278341	mouse_9897_10000
59	0.06685933803028139	0.11204215261844981	0.13518015700062017	0.01564170371996589	0.037628371201780336	0.040826126027480314	0.06787069149594926	0.03572612387736593	0.1674669158545131	0.10224189854610843	0.125528202402573	0.031540732914383696	0.06144758631052864	mouse_9897_10000
60	0.04932046830964893	0.12087492346620142	0.08510472001113123	0.1229932201478178	0.11506171484570842	0.026602433665313962	0.04649514607023573	0.0020427083036914516	0.03706275209835723	0.1703850490828257	0.06571670092410958	0.11389167455843219	0.044448488516526365	mouse_9897_10000
61	0.13547598243334724	0.01162274940789299	0.045146705482556115	0.12418191006346647	0.06910261406618769	0.10738351252074597	0.009084244627593132	0.10755474228583246	0.08401896573991424	0.001522127301099623	0.15609097795775956	0.04215317992045653	0.10666228819314796	mouse_9897_10000
62	0.0703742759935709	0.09066175074055148	0.07081650741188127	0.023578186875021463	0.11070271854314274	0.08334716255224801	0.09101449915675464	0.10505950296069387	0.021881267510579235	0.09534413665323142	0.03236216410543482	0.12646342578474493	0.07839440171214526	mouse_9897_10000
63	0.06533056540563964	0.03560880641652961	0.044280794814557704	0.1183835370352266	0.06752904085479106	0.019575584878102358	0.1220427995292404	0.05357749113886667	0.09224408732645253	0.10619120312749553	0.1218361894552523	0.004731268972010525	0.1486686310458351	mouse_9897_10000
64	0.18253483906132228	0.024678149566807344	0.004137899313436888	0.02354895311394502	0.13040537092552584	0.12565389209046324	0.060614720755769735	0.08586882385982532	0.007721940334909325	0.01575639968988664	0.12107044154933229	0.09334901727456128	0.12465955246421487	mouse_9897_10000
65	0.10139426469440911	0.1718066412210218	0.011827657964282614	0.09679061389894263	0.09695434011801314	0.06484980004608806	0.06248094616228873	0.026505507815910215	0.07776291369265967	0.08502165423095162	0.009341546731404688	0.10128872044000659	0.09397539298402126	mouse_9897_10000
66	0.02037903553722821	0.1373746277794593	0.16765708921106182	0.09306016414060578	0.052545366335025226	0.01196618539905163	0.06796650013514638	0.10228336808616623	0.06213777992293798	0.04159973247381411	0.034406103205722995	0.07403974344303828	0.13458430433074217	mouse_9897_10000
67	0.007180326223559419	0.07589671062782756	0.049582665344971966	0.17766201865828385	0.060560589221516754	0.09973857053849705	0.11097338036435113	0.08770032369024663	0.024701766784836716	0.09836896278236915	0.023734166312345414	0.10649876737572261	0.07740175207547201	mouse_9897_10000
68	0.1102071743742071	0.0878446642482899	0.0899574612712015	0.02229953346696236	0.10525654656520694	0.02300081969141498	0.03553214403676724	0.14493858655272984	0.15077859720035952	0.04482868325830982	0.0905224544888524	0.0018360753173241385	0.09299725952837441	mouse_9897_10000
69	0.016984121139526905	0.0408657665371974	0.06447033190061721	0.031276757478273104	0.04869176249366004	0.10270047417454532	0.16512482450891516	0.15691483974691472	0.12492563635756278	0.07538553493137669	0.12113071923197746	0.03202725424984158	0.019501977249591657	mouse_9897_10000
70	0.10408751860572843	0.07368838650086064	0.014125199196404656	0.08059369972042027	0.012876404911658644	0.11530757369683034	0.10117385550017943	0.034699160871480186	0.0905972604987875	0.07904440542539014	0.06756266730191468	0.11403203269054679	0.11221183507979829	mouse_9897_10000
71	0.018896984315197797	0.04606063815057992	0.12098400467198275	0.012636320483092166	0.011343389705120228	0.04500749714449513	0.11194509515326186	0.17462993826394407	0.10733779603353648	0.1236832142490938	0.11139528245527992	0.05971883630930309	0.056361003065112866	mouse_9897_10000
72	0.11540995437483581	0.13471341122041056	0.02669692813126549	0.0912104731671935	0.05080851325294663	0.01663664368655281	0.025864541978133124	0.009104365492234376	0.11915374475771157	0.1197588704032142	0.047300112366914934	0.1192283573143346	0.12411408385425247	mouse_9897_10000
73	0.009790529912055949	0.013263698558317013	0.01888697119501137	0.14312858191904884	0.14133549435984863	0.1273788182934464	0.0776568972519058	0.04295601567002093	0.1499045977338504	0.11816461530346666	0.03714722297824902	0.029654527984824316	0.09073202883995464	mouse_9897_10000
74	0.10482698857430935	0.03561525330648942	0.11667295682036467	0.01931639284618498	0.11080097500194105	0.02840076775638697	0.05760492091186882	0.12062876453557406	0.008149503102023186	0.07722993411333955	0.17564802306578498	0.07485207377099755	0.07025344619473545	mouse_9897_10000
75	0.005557909916944122	0.06777990464544603	0.07179593064997303	0.06128512980630413	0.06506424655688649	0.1425023460245494	0.11003637367151192	0.11203802143933017	0.09964909583025552	0.004551885024061006	0.09181745711178373	0.14549437974245535	0.02242731958049909	mouse_9897_10000
76	0.14883506438550137	0.00580947963807459	0.05755257903289337	0.03156674481928473	0.02991848573959598	0.048428493783513965	0.13485054138166067	0.07644503908407226	0.08765157384795279	0.03358353958226796	0.13195511153846287	0.0919459215734203	0.12145742559329906	mouse_9897_10000
77	0.1972101017513592	0.009422431550045185	0.03976802876703961	0.10574955869628928	0.09811766352518565	0.1039522816583537	0.013071810688652735	0.07404383541072847	0.06992998667957079	0.0935539879573335	0.08864772938724462	0.014196694427036385	0.09233588950116094	mouse_9897_10000
78	0.003529862883000505	0.12095301018668772	0.2015555616439187	0.1579394894573426	0.09083651549260803	0.012448907134557102	0.07980672368947227	0.1592548350413654	0.026287750798827492	0.05369198965251349	0.0032586012270501823	0.004684221937539177	0.08575253085511757	mouse_9897_10000
79	0.10550758182494034	0.010547509040992309	0.17996417548471172	0.11138595883667786	0.037169628298757786	0.07763737326416051	0.033268485427732516	0.07102992065266961	0.14500136775126662	0.11872710805614732	0.02007147408894987	0.05217592752037463	0.03751348975261891	mouse_9897_10000
80	0.04412603868209057	0.15335714922856877	0.11006770662981256	0.10276745562838863	0.04207583756377246	0.10448238014282707	0.07335836003707312	0.02241739352824359	0.045502695748399186	0.07575154822280519	0.020624281421562606	0.09919034919296665	0.10627880397348952	mouse_9897_10000
81	0.013572231939816319	0.1456476855253542	0.06370046330896578	0.13457731376215723	0.18113820389642568	0.021594823520297915	0.07067081410221104	0.010710805030051548	0.05645106695712224	0.1275887018874509	0.06301194634919684	0.05832775477744092	0.05300818894350932	mouse_9897_10000
82	0.055999974228063215	0.021910136760734635	0.06054855503066255	0.08778498837670672	0.027967275865446607	0.15534826982227895	0.01349446876417163	0.1229128712176541	0.11448956733050268	0.1064092854063321	0.11445602238641493	0.030180337339491038	0.08849824747154068	mouse_9897_10000
83	0.09638240931667459	0.05630155747821891	0.10296352721151163	0.10663190536397418	0.043021519745776206	0.022160551435501108	0.15760749329344256	0.12265356104507763	0.08157061821520703	0.10731395628735814	0.025960631373350005	0.025422698505801946	0.05200957072810603	mouse_9897_10000
84	0.02306107876142775	0.05421376772233372	0.053126348567778606	0.09933469741407883	0.06376274040401075	0.1061170458329474	0.003508372526689678	0.10075686866019519	0.07882969401546683	0.09660060147692594	0.14096034193689275	0.011926483780428506	0.16780195890082403	mouse_9897_10000
85	0.1317470856685794	0.06339808326371953	0.09142085371195137	0.11355240036931531	0.06603425843637063	0.009598337173880726	0.045932053288289774	0.08412627098615093	0.11524445271096023	0.09423431740469507	0.01970393842551075	0.06450997774729839	0.10049797081327788	mouse_9897_10000
86	0.08386860495235493	0.0040225810638743606	0.11350125487116947	0.08988216344757512	0.09215199370860531	0.0013270437405154387	0.09381864843497618	0.0685731700670781	0.10670892527312031	0.18372834259498455	0.1090667020417158	0.010760795995871176	0.04258977380815923	mouse_9897_10000
87	0.1576409281706292	0.019070939513237056	0.015632308761162426	0.06157115659138372	0.02470700152572806	0.1807956872591729	0.09446562777546084	0.00028961933573806796	0.07699860118366669	0.025013379437524647	0.1821159757951836	0.1085207515700773	0.053178023081035454	mouse_9897_10000
88	0.020687179944696564	0.00803058358394388	0.08553951967295775	0.04053761348929598	0.10347617376673975	0.12558309631877307	0.13199814429548984	0.0891700429069519	0.013513978273597184	0.050760635510512755	0.07028328875866581	0.19490145471655337	0.06551828876182209	mouse_9897_10000
89	0.029469145628702405	0.06686156254450272	0.11138731883845258	0.07005579932804586	0.10866717714547473	0.08717418182594885	0.08133657350650599	0.0877641986038708	0.042474271320641084	0.06378928209208852	0.039427313505909466	0.028856572339995324	0.18273660331986172	mouse_9897_10000
90	0.1515004754888265	0.12927699725432062	0.012461172271991323	0.03084681350496176	0.06386267101539528	0.07650924094316196	0.11905224946441127	0.0034977275389630235	0.12951190288139092	0.000655683094220567	0.11697939799231485	0.06858280412391911	0.09726286442612278	mouse_9897_10000
91	0.06380051088178579	0.17139138758757214	0.08983200572154962	0.0073393862369811455	0.0007676895720724763	0.10859267555912652	0.10325239541752916	0.08565903998663509	0.07534831500561477	0.11658619836294166	0.10048258875406113	0.002974303511768962	0.07397350340236153	mouse_9897_10000
92	0.07803402051778992	0.0949270215691445	0.18411854109725886	0.10182673880799094	0.08023114291786052	0.09351944652991948	0.07057862432921173	0.049424454741369805	0.04343419135520065	0.07571879267439519	0.0945232718638608	0.01194903674294421	0.021714716853053314	mouse_9897_10000
93	0.054671724069971325	0.11506346138974663	0.09456144829932742	0.1569220809866998	0.11295252308739091	0.07021586829341606	0.01189729479306019	0.0019134345414031884	0.10791969592222021	0.07901318043994528	0.029634669468577592	0.05449727959407031	0.11073733911417115	mouse_9897_10000
94	0.07705923814122667	0.14396690019883987	0.06068965005825976	0.09420317028936419	0.10616782657886294	0.025474277949334167	0.03380337565661624	0.133616869658476	0.13925200064136423	0.048077340389582585	0.10150260870562658	0.014108947162977045	0.022077794569469508	mouse_9897_10000
95	0.10553834621232668	0.02624344619819938	0.07725833982741502	0.041537334593615555	0.033176462246618355	0.1481394452509055	0.10704871511795222	0.02110225765174596	0.02730107388452192	0.09741755756063097	0.09581410330882109	0.11840389900467586	0.10101901914257151	mouse_9897_10000
96	0.1334702869580158	0.003367281377997398	0.07729667877233524	0.07688475949634671	0.06680081123542754	0.003477156858608926	0.1590563752132632	0.08500619979978018	0.13673188217789234	0.10257302492703813	0.019197648242884405	0.07738600664695555	0.05875188829345458	mouse_9897_10000
97	0.10468526077635606	0.11005726441249904	0.11180704194012014	0.0824831648608346	0.06648671541045902	0.07940469996369767	0.03780635078524198	0.1297581131908559	0.032378253641087394	0.048103226397212505	0.04664703003754512	0.11467806508407877	0.03570481350001184	mouse_9897_10000
98	0.08405637091714295	0.1015990157182355	0.09339394418389727	0.03918851522936301	0.0941581676827731	0.0965854576580684	0.03783340743134872	0.023054117675191766	0.17613306358773068	0.07674379269332186	0.0991941598324803	0.06672900805161583	0.011330979338830678	mouse_9897_10000
99	0.046889751139149796	0.047631322108987045	0.11670142054845689	0.09787019316769707	0.10564101068948721	0.09762052030543283	0.04763476282521208	0.009478271301009472	0.07271802945078999	0.10785417887670135	0.06068673130833559	0.10971424239890679	0.07955956587983401	mouse_9897_10000
100	0.07545751879844854	0.03461482785481499	0.10202436209200712	0.10218823979908344	0.005510038577994264	0.063586581043136	0.09391048127229491	0.07354806530867278	0.018591823639210546	0.04037099037022045	0.2715391440895757	0.0961000299135693	0.022557897240972086	mouse_9897_10000
101	0.1142144127562996	0.08117743475609884	0.10497499127364181	0.01281330913414788	0.11896946523345137	0.05027238438806508	0.0869029999033082	0.01990825300038313	0.061735127472591106	0.030410773854733564	0.09781589116756058	0.21521694593340646	0.005588011126312332	mouse_9897_10000
102	0.06077272846375688	0.058349388612615016	0.0754914901399838	0.0903012213849794	0.07027731972358668	0.09577978803447024	0.11428271457653498	0.07328025330259957	0.042762813923114366	0.01099923189660851	0.045882442366181914	0.034380482629139016	0.22744012494642965	mouse_9897_10000
103	0.2539328988332924	0.09882607305844578	0.06226092022551256	0.06778051602642894	0.03551774431311115	0.059229798535148724	0.015816927943000988	0.05035565625773136	0.025356534843456995	0.0831660231272937	0.09424134957262321	0.06873243746929057	0.08478311979466364	mouse_9897_10000
104	0.02617242016577277	0.20639729535123436	0.12008390553666395	0.007906954588677708	0.11649308381574956	0.10353477631090832	0.047530405255703595	0.10396243505976237	0.08607312856227378	0.033593132645793396	0.04204892696341137	0.05076303078040926	0.05544050496363963	mouse_9897_10000
105	0.09338332508845275	0.0502318391370984	0.2611534136226897	0.01656511923321197	0.032208318879307786	0.014395303746726165	0.010838106482815303	0.10751666935635619	0.08118263208295563	0.1306630869967324	0.11204918835727642	0.011414979501988276	0.0783980175143891	mouse_9897_10000
106	0.03653674331272448	0.10039594620926945	0.03591336715054275	0.21787201502725445	0.05240029311285925	0.1027579501174115	0.037569550441734045	0.048177551862319694	0.09495494802349601	0.11565613924000148	0.10928207187461425	0.01772325530085078	0.030760168326921845	mouse_9897_10000
107	0.019981760332371264	0.08595507338735435	0.07594409104254496	0.0439823960867983	0.26869978222670965	0.007296784054205985	0.06379196833886147	0.08990957868685595	0.085239262343122	0.03742631140105301	0.11706222559978138	0.04478467236828817	0.05992609413205351	mouse_9897_10000
108	0.07361243869870568	0.054228235655834685	0.07469295253675552	0.03453271226930666	0.055679396841341926	0.2539983390863826	0.013771451820890552	0.034296243286524884	0.1154390677350268	0.09016270239197403	0.011781471302190868	0.0880048877375829	0.09980010063748286	mouse_9897_10000
109	0.02954906802860074	0.0422889791168714	0.07010041639281167	0.06092886186322714	0.0746205153890533	0.014092216082772035	0.23428120778803685	0.036612686862763734	0.08735234670071682	0.07207615362690689	0.006363968060200173	0.1361373661406141	0.1355962139474251	mouse_9897_10000
110	0.06962428907330401	0.07125867411542801	0.10480913297940218	0.034513804512616236	0.019214927483737	0.05209550474788699	0.04515639727090317	0.26926437817655985	0.07473154318924446	0.054144799526110524	0.05686570274018081	0.06190753458729434	0.08641331159733252	mouse_9897_10000
111	0.07142921353178885	0.04588466870296728	0.022300247572692247	0.11923043703256322	0.005486711891931783	0.06530005852501178	0.08981790525798652	0.09690365553987233	0.2546632613759608	0.13718975507733766	0.03055528110464294	0.008605277381678225	0.05263352700556641	mouse_9897_10000
112	0.12315161965206999	0.01100108882423725	0.02679277767562839	0.04216834795173091	0.10945393950643688	0.059476421328711566	0.005502010618065581	0.07353916296955076	0.12150018953093893	0.287536608790845	0.035869123474096716	0.08786721738982314	0.016141492287864764	mouse_9897_10000
113	0.02092914601997706	0.09540874603915198	0.06159099737178164	0.08584641116906429	0.13002696238344305	0.05862288076216691	0.039344386280093416	0.03797044253863627	0.11191392120995255	0.04489947825005708	0.2336239111597599	0.04112203450691614	0.03870068230899963	mouse_9897_10000
114	0.10702914943152834	0.07970754212627736	0.08230767639563101	0.015541850023509083	0.027994758699568058	0.08509211044635147	0.11755448963390874	0.012966240774513346	0.04900662689249795	0.024518153601034667	0.07355250497929638	0.2342036512834852	0.0905252457123984	mouse_9897_10000
115	0.10836820708427496	0.09127468466365193	0.016303015286531667	0.09872049264018007	0.03720714786741139	0.05841864481806013	0.12452128876652037	0.004460114287735926	0.039239709442454834	0.10000646805749103	0.007099914632578063	0.10933031475957926	0.20504999769353027	mouse_9897_10000
116	0.27203588377538657	0.04895730687943101	0.06577354898266867	0.07826040144968838	0.018071791973597696	0.08144945728975998	0.015073129090218799	0.08117445542465292	0.037860817798136964	0.06501951663631514	0.06172561051133304	0.08891601838694782	0.08568206180186305	mouse_9897_10000
117	0.003977094313956893	0.2824865910528155	0.0962837227714632	0.0718832368819938	0.10722749450658817	0.10160299728854279	0.10392141200646843	0.005280890860393272	0.0066883839393474965	0.03270216486521337	0.021026014994219317	0.10112102791963853	0.06579896859935921	mouse_9897_10000
118	0.09642650449492697	0.059691054914405094	0.29477622359065075	0.03774087984718391	0.0809280436321436	0.06042634819873422	0.035864906679918	0.09315834160534275	0.07997184724328846	0.011149109507829864	0.025130021167475168	0.09941217307807973	0.025324546040021326	mouse_9897_10000
119	0.05824969081916955	0.011026175431256826	0.018676183763435144	0.2274873423929569	0.025069268211497606	0.06805091321278071	0.05688223094358189	0.11250197985798453	0.11268762979445839	0.07624482632222565	0.11344824790060644	0.03485890546505544	0.08481660588499099	mouse_9897_10000
120	0.06387641153179799	0.01245509975768672	0.07908197390953159	0.0026497793112316486	0.236756139427161	0.11460056395360733	0.11317822608583841	0.014264642104355022	0.05861262695304643	0.0424005818382665	0.0977694792610147	0.12384882490312674	0.040505650963335915	mouse_9897_10000
121	0.057019937975360084	0.11342117071871549	0.10625126087081006	0.02910109920615073	0.03517400224911728	0.2989885406102578	0.09700874232591407	0.017363573791237694	0.043091781351956036	0.09261730137018485	0.06944090701728181	0.02358516096728227	0.016936521545731907	mouse_9897_10000
122	0.0787902633954414	0.08480516606399516	0.07888128387425976	0.03178012625678121	0.04204203247280302	0.000474078559789557	0.23063533967547253	0.10668818477637708	0.11949942734812324	0.0300238799720861	0.03820691247863428	0.056858587332839244	0.10131471779339742	mouse_9897_10000
123	0.05227800340223425	0.10502719836874336	0.07866273915993463	0.05829365956348876	0.03672719058636592	0.07754060205019865	0.02894674512267286	0.29787350022496684	0.07036523849373869	0.07992029398829703	0.02117222234408327	0.07860644603073061	0.014586160664545116	mouse_9897_10000
124	0.016503396815654242	0.11663612611759479	0.02035356224323558	0.020288165123180504	0.03921353439929501	0.04149516643284083	0.0829892941177186	0.047393250834464766	0.2666041262122367	0.08561082869556616	0.04853923360503108	0.10120522909443017	0.11316808630875144	mouse_9897_10000
125	0.10436756173315952	0.04592540217652068	0.030149576221772254	0.030983277364404694	0.10433468941946368	0.066649071621882	0.07569674900182516	0.09255191788476953	0.019225750672410315	0.2863965954277614	0.05014786894441351	0.09070816299282126	0.0028633765387961778	mouse_9897_10000
126	0.05393157870182313	0.1074191631716685	4.3352518235886205e-05	0.10760035095200784	0.11541309700984882	0.07818649124745479	0.05676208105001991	0.0059359300564044365	0.08481432179804567	0.0015374466986981699	0.2019238910885222	0.1210425424179623	0.0653897532893084	mouse_9897_10000
127	0.07299204263329909	0.04788494213458047	0.08565870137071607	0.05482117432863207	0.019637300099224358	0.08422263762879807	0.0533550613518703	0.06081702169273742	0.05325447704039128	0.0813915182314556	0.09128700738464961	0.27057055297919896	0.024107563124446653	mouse_9897_10000
128	0.09759360166036254	0.08915594520738836	0.07127431561963608	0.0009677023680140048	0.01892964954661849	0.08142338099897292	0.12167586110115523	0.04295593363235989	0.11793148994895689	0.032364392090738006	0.04109693027621101	0.023837654291157768	0.2607931432584289	mouse_9897_10000
129	0.2796589101051064	0.11012098204698066	0.033378647408546534	0.01802579773352679	0.04251193179159163	0.11408001264561662	0.09078035825907638	0.018825808668962614	0.06690761249754384	0.1159954735953065	0.0873443896671067	0.004965622599644449	0.017404452980990952	mouse_9897_10000
130	0.09033459860984662	0.21706968331949097	0.021970454938920855	0.036971690776571656	0.08986698596913446	0.08896723720823488	0.06787312536441233	0.07554239304778448	0.05533636786727133	0.0674432314817551	0.06174936342531456	0.021771830356027908	0.10510303763523486	mouse_9897_10000
131	0.05981778150869439	0.08672713191728693	0.27212223799323304	0.061301393035626595	0.08547902362148453	0.07090580126592007	0.05718310269786496	0.05112878688842904	0.05097671401877526	0.03596291754027605	0.04338395435768653	0.03588303685593451	0.08912811829878815	mouse_9897_10000
132	0.0938792075489275	0.08346431182691295	0.05643815011324583	0.20426729289930887	0.016467067284288043	0.09521131516291717	0.036009381908037964	0.07759228578031988	0.08760767550845766	0.09253509601993035	0.0373662243236551	0.07265282469172259	0.0465091669322762	mouse_9897_10000
133	0.0785434089763747	0.009557112901182644	0.06668261377000305	0.1120973419061922	0.21974914954788985	0.04911618176824543	0.03386150500437461	0.11602049757559357	0.04263295665943816	0.09331065009356207	0.09895437726694715	0.03850729817474004	0.040966906355456564	mouse_9897_10000
134	0.02778551616332987	0.0934633175115248	0.06544937744890268	0.039193867890307814	0.044713731651133154	0.2626286809423808	0.04535363784049721	0.05318339790032992	0.0917608270773466	0.046219973992745036	0.059053678784771794	0.07382696796358551	0.09736702483314479	mouse_9897_10000
135	0.011928424766545445	0.09863932596089449	0.0140156119997985	0.12112005482934977	0.06523745789798187	0.024800193999825366	0.2601893850840212	0.02010933178735902	0.10765745605201167	0.037021331231875454	0.09855130538322032	0.054769153314459376	0.08596096769265768	mouse_9897_10000
136	0.07796418016543406	0.05701699828050376	0.09881983322081624	0.0074460407132062095	0.0949476345139134	0.017536716183961683	0.05238015210384185	0.22644230067255802	0.07700139699136407	0.09629159305052074	0.0822472344526044	0.06640647382399359	0.045499445827282006	mouse_9897_10000
137	0.05148368836539878	0.13420497645156845	0.04855509515371934	0.09418408815638091	0.04314058009077179	0.0022690641810396562	0.0411112082466208	0.12955408704122579	0.2229439393874253	0.1100694940911357	0.0259258133171817	0.0066333457609304165	0.08992461975660132	mouse_9897_10000
138	0.07775719311020542	0.05659898979603282	0.054569012004152144	0.09622562670479226	0.013720542108537221	0.13195885142605457	0.03956091820566726	0.040861726590932824	0.05542129015958101	0.24231135553063113	0.06678598748252756	0.04007701214612606	0.0841514947347597	mouse_9897_10000
139	0.09253313659465812	0.04607806378449335	0.01860797202527018	0.09688025013022114	0.0478268137580747	0.07528281494737081	0.0876599015898599	0.07758955920486042	0.008673994456695356	0.08843836718050499	0.20558525709609257	0.09492415270228559	0.05991971652961295	mouse_9897_10000
140	0.08238162688346963	0.014865519487236387	0.03123949899981649	0.06216201805689395	0.06810631625671038	0.061864208363749444	0.050397385223604166	0.0972252114659609	0.10201578767971012	0.021373691345575235	0.0908896994827927	0.2662604799684044	0.05121855678607626	mouse_9897_10000
