	B lymph	CD-IC	CD-PC	DCT	Endo	Fib	LOH	Macro	NK	Neutro	PT	Podo	T lymph	ds	batch
228	0.04977543065184266	0.16548428719478833	0.0022434945454716995	0.09566696369977094	0.07592966161499785	0.038045148417155034	0.008069478833779679	0.03833990477058473	0.0802146856824834	0.07321078723115765	0.10273055150389475	0.050213863414700556	0.22007574243937275	mouse	batch
3543	0.1453010854478654	0.0859969342046865	0.06614158823146289	0.08910335749702349	0.0	0.008871717412223618	0.0	0.1590456709605673	0.0	0.13588825677880895	0.0	0.15162964255183467	0.15802174691552717	mouse	batch
1073	0.09613094950310197	0.10661491172954762	0.08212998247354668	0.0959561490575606	0.11672714244425018	0.09885304451742877	0.035941890026036885	0.09381381432354047	0.016419878278727658	0.06998610481168176	0.05228328149438599	0.04491710377670306	0.0902257475634883	mouse	batch
1744	0.12292025072749764	0.021015271316340442	0.02071785647387768	0.01538977558130276	0.09496852297901537	0.1336065558432217	0.02978367206754695	0.07928074463277418	0.12664460098899924	0.02962207494993067	0.13260999316865021	0.0962064718876292	0.09723420938321382	mouse	batch
333	0.1369352655627705	0.06948071189920109	0.13318852326644434	0.05631073020209913	0.08433472060203752	0.14187999878656493	0.01022985381809012	0.0532004141305821	0.11259490521185836	0.029569447546423027	0.13494015781824611	0.002883127106443843	0.03445214404923887	mouse	batch
4684	0.0	0.0	0.0	0.0	0.0	0.2665142894383373	0.21981949279264726	0.0	0.32127468208008203	0.0	0.0	0.006673742332856695	0.18571779335607674	mouse	batch
1755	0.09175265821062095	0.09875737573508506	0.08499635424676288	0.10881301398907796	0.07959896072106341	0.08771594410092626	0.0736912317150418	0.06287634329434405	0.09519869588270086	0.07029413828899772	0.07249223655882171	0.06044429236871898	0.013368754887838263	mouse	batch
838	0.1105562499135732	0.06816489392247757	0.10080398692345241	0.10321222336676904	0.00865714926958502	0.001767455688636005	0.042282633402038215	0.12024979170043806	0.056408034484264916	0.05535048156580262	0.09083566154290394	0.1035722418669239	0.13813919635313515	mouse	batch
168	0.0026655835289344913	0.19201653706002772	0.003644811392185161	0.010133413189309472	0.12163794642079058	0.08593691564116361	0.07863111131830652	0.16439363661329504	0.026847323809484083	0.11170247997357725	0.05233010768006836	0.11070640012861957	0.039353733244238416	mouse	batch
84	0.13125832052795228	0.017921329859374117	0.1384439153157618	0.12752608353845912	0.09498862598083405	0.0906081450515751	0.08334708305411104	0.09947068874390477	0.031039204149954636	0.06725526240261309	0.0015835359023931518	0.0900724675647609	0.026485337908305973	mouse	batch
2138	0.12044008257526097	0.10431143346798012	0.06031312752891411	0.03341947948827655	0.07609729341106397	0.0326187236636636	0.12153563851834526	0.08951892952711143	0.1221061375254616	0.08152411553771384	0.053370622255464226	0.047867117827152236	0.05687729867359198	mouse	batch
3849	0.1692019535690722	0.16849160964775525	0.09061649229975258	0.20462707855539888	0.0	0.0	0.02703244838584368	0.0	0.12753349218703655	0.21249692535514086	0.0	0.0	0.0	mouse	batch
4153	0.10862112042508702	0.0	0.11293492861426975	0.1416190884164794	0.0	0.0920609083123396	0.12048521161522546	0.0	0.0955465812048925	0.02672162266517862	0.10393426782677394	0.1320911302586736	0.06598514066108005	mouse	batch
3601	0.0	0.15876277970920752	0.0	0.0	0.0	0.2170473341414168	0.3629139638624982	0.08131077500868494	0.1437051468677933	0.0	0.0	0.036260000410399215	0.0	mouse	batch
2280	0.14642837571329112	0.05166168024480895	0.14035997308039502	0.04485244961082852	0.05714071272226778	0.07160272912815907	4.3554806348064935e-05	0.044827222383899155	0.043655163631737874	0.13489991286006522	0.14056146639794526	0.05174452394873168	0.07222223547152233	mouse	batch
2220	0.09728032371699948	0.05271347703670244	0.09391180870625261	0.1401900643903327	0.0049744011099398504	0.002808566422197024	0.1216423474215577	0.13276184099827257	0.13790709464712667	0.08165006258384047	0.07154895575083631	0.024640755515737085	0.03797030170020506	mouse	batch
2819	0.0	0.13816622035916004	0.15008252835008476	0.05992993378291717	0.0	0.06988432838901724	0.0	0.1282035072994954	0.03016089744824252	0.0807023495605009	0.15248961281938941	0.09033042985247394	0.10005019213871859	mouse	batch
3150	0.0	0.18127945933610487	0.03443634397644625	0.0	0.06734037407847257	0.05496147824106913	0.15432851567205477	0.2176566885531405	0.0	0.0756561787629548	0.21434096137975717	0.0	0.0	mouse	batch
3698	0.0	0.0	0.0	0.0	0.0	0.0	0.0	0.3541636319795808	0.0	0.44023464460618367	0.0	0.0	0.20560172341423563	mouse	batch
3899	0.0	0.0	0.0	0.20532130342987168	0.0	0.0	0.22759507454413963	0.0	0.0	0.21469663889398546	0.20944113944093548	0.0	0.14294584369106764	mouse	batch
3238	0.29114411131360124	0.0	0.21260696353960137	0.2660175221654148	0.0	0.11780993933677752	0.0	0.0	0.0	0.0	0.11242146364460509	0.0	0.0	mouse	batch
3580	0.0345906257993727	0.053402971921546694	0.0	0.08558354091846923	0.1478799388542	0.16736558016066166	0.0	0.0	0.13380278254447636	0.0608642475974188	0.1858252874953116	0.026429559807415837	0.10425546490112708	mouse	batch
4673	0.0579466117670723	0.1447665424678124	0.0588592108448433	0.1388265981712679	0.06976048958556083	0.0	0.08787513472598155	0.02320258124987917	0.12090413198410198	0.0	0.16863378561187006	0.053714830604285155	0.0755100829873254	mouse	batch
1860	0.05169148572343166	0.025415499554428074	0.13816592596190644	0.11479260047550167	0.030442766017025787	0.06375150531541042	0.13981738263611776	0.04365786288347099	0.1342703430331667	0.01298692805735856	0.0009405251211066351	0.13752090931478245	0.10654626590629293	mouse	batch
3591	0.07171462531059346	0.13619154139047204	0.0797797969718958	0.09451898694775386	0.10209577435303151	0.1099776753004093	0.0	0.0	0.1579839635805346	0.0844142801074964	0.163323356037813	0.0	0.0	mouse	batch
3418	0.05335529411545821	0.11942841701972866	0.0	0.05891631413083972	0.11762382694725755	0.07255547522631192	0.0	0.10292754376993618	0.12050825467743581	0.17431690000104264	0.0	0.0	0.18036797411198935	mouse	batch
1807	0.09097450707380567	0.02344102489008503	0.1420110138619246	0.12962988987605664	0.027157154735465656	0.015502580483009329	0.07689278009255966	0.040520212649519965	0.029478903481188205	0.134267442273233	0.09300760034305823	0.08194653687583328	0.1151703533642609	mouse	batch
100	0.13803792972016418	0.04354934186059869	0.01992781956906191	0.03790235530544453	0.08467567033591447	0.09895484770219741	0.014486174607201686	0.05767631852827693	0.02930572768098657	0.13053844532220232	0.07599207001163473	0.17032021742237277	0.09863308193394385	mouse	batch
2804	0.0	0.03921875234358617	0.0	0.23992324118482655	0.06282622245468814	0.0	0.18665849965502382	0.18415275150171811	0.06828286772079453	0.0	0.0	0.21893766513936266	0.0	mouse	batch
3684	0.007094874617385511	0.19859873290823485	0.12664610897845954	0.0	0.0038256229273640387	0.0	0.06454903188183136	0.10161544787984542	0.19730355381272932	0.038968977887569235	0.0	0.2613976491065808	0.0	mouse	batch
3794	0.0	0.0	0.0	1.0	0.0	0.0	0.0	0.0	0.0	0.0	0.0	0.0	0.0	mouse	batch
2018	0.16874249854353782	0.11274335279786449	0.13646150832817447	0.01974266171830493	0.001456806125059698	0.0855516274054918	0.10005704403356246	0.08095208169439629	0.0047769041505720065	0.15526426041504818	0.04675816959803077	0.011745703822929703	0.07574738136702742	mouse	batch
1020	0.033119969029540716	0.078492450231048	0.02007611011056559	0.12202314062780382	0.1489685895705403	0.07079644227782589	0.001254853655196262	0.07929746580855053	0.08539178293243786	0.027424586441918242	0.16060894572804207	0.05175683588277436	0.12078882770375633	mouse	batch
1647	0.15700983017339623	0.04687793091884228	0.06618628359939543	0.025887071122614274	0.0998409253241706	0.0014586306920523044	0.08078919859605047	0.09212733963637204	0.030886099204974996	0.06989565302948679	0.14054872792456935	0.12479305456097685	0.0636992552170983	mouse	batch
3274	0.0	0.3083303910781628	0.06059299083695014	0.12976862478761145	0.0	0.18956348051933714	0.16760480282628487	0.017463163173589	0.06767303165555286	0.0	0.059003515122511715	0.0	0.0	mouse	batch
1620	0.09345735880724612	0.009367785614741513	0.12278912884946779	0.03552882258242722	0.11766333186907715	0.06649147554942414	0.05036390775439168	0.0019362967462369619	0.03333292797618817	0.08149257685781969	0.13581227857532827	0.1320944365450685	0.11966967227258274	mouse	batch
2754	0.006002662281101602	0.04917203806257308	0.006573339629390269	0.1407150921632366	0.07501517732342265	0.03919676068319759	0.1099206555756956	0.0	0.146565097086707	0.15219757121415736	0.1251521981206977	0.07042628622190873	0.07906312163791186	mouse	batch
969	0.13995589566286445	0.006700298125442384	0.010089471695487762	0.12338296669760447	0.1347906098636042	0.08939067584121084	0.11204400791469964	0.028406945718873932	0.08795785597772686	0.018020256171581695	0.09317119886425065	0.0388100068442309	0.11727981062242226	mouse	batch
4092	0.08190261500606964	0.1414401436204923	0.18145110085007968	0.0	0.08340101289108097	0.02743351861798128	0.039745699493647674	0.1305207378984138	0.023492294323460783	0.09862815363040989	0.07743992660298951	0.0	0.11454479706537431	mouse	batch
4077	0.0	0.03635588441973436	0.0	0.1364769034109209	0.127502195946057	0.12288494796408814	0.13652840254025136	0.16593532073828055	0.0	0.0	0.13679802711982023	0.010658684561418944	0.1268596332994286	mouse	batch
1321	0.06349172993478863	0.0817574018293217	0.15886755939754751	0.018431168771082675	0.041464183874933974	0.10163803832283698	0.056057047395093984	0.07224255882059087	0.07390919328368532	0.058457964825567255	0.014845681875684457	0.06461615423720525	0.19422131743166143	mouse	batch
4715	0.16990164776454145	0.07823357044791851	0.10397162462051303	0.22068694146644696	0.0	0.06891967039149051	0.01876575454337384	0.0	0.19133505624146674	0.11268234242189074	0.03550339210235834	0.0	0.0	mouse	batch
3525	0.0	0.0	0.06980973056271379	0.0075172093725575815	0.028154043646584116	0.10811713250957895	0.12739893939471453	0.17479873149219444	0.1743099643628062	0.0	0.029735685064808046	0.11058651104486276	0.16957205254917956	mouse	batch
2217	0.09562822039754017	0.11109379056577999	0.08799219145737026	0.0025225501922225106	0.10417472569866187	0.0008453617101827452	0.0786051472765592	0.08001596343426409	0.1013199040086792	0.10441066734775846	0.017063842540706538	0.1043296952359668	0.11199794013430792	mouse	batch
1485	0.11221196534498819	0.08998918542176072	0.1324031853878539	0.027770692806344168	0.09174930429440958	0.06493661303506149	0.057454387845299666	0.13877850107853448	0.04496956821102805	0.07069832886886028	0.023776185864555058	0.13692720130346536	0.008334880537839057	mouse	batch
2893	0.0	0.14364095718391318	0.25461793347144773	0.0	0.0	0.0	0.0	0.3695610254011325	0.0	0.0	0.0	0.23218008394350675	0.0	mouse	batch
676	0.09545952315446232	0.07710429193945269	0.05859812590792278	0.125169793816818	0.1401917798535902	0.02776420068354288	0.12108841035280733	0.033717228071966386	0.15636526006651463	0.0023799008088425553	0.10842478551512318	0.015086552985404976	0.038650146843552245	mouse	batch
4917	0.0	0.0	0.0	0.0	0.0	0.0	1.0	0.0	0.0	0.0	0.0	0.0	0.0	mouse	batch
12	0.003743875657009019	0.014797562129013182	0.1451539509604256	0.07355653070146699	0.03181186788237703	0.0846121048368392	0.09310297971651249	0.12016370719654373	0.003516017231564306	0.12726776676401583	0.042886575774024625	0.11926317248258958	0.1401238886676185	mouse	batch
2727	0.0	0.1735569965837777	0.09283109577399298	0.030752247932479465	0.0904367580059473	0.0	0.12516031888831952	0.22616031608279286	0.0	0.19219512156231483	0.0	0.0	0.06890714517037531	mouse	batch
1424	0.023346257662554434	0.018262175252304128	0.057280524312829095	0.15347916098164166	0.04528368597899395	0.0031679888230829903	0.08341194471525935	0.14817753389630897	0.05089483556241573	0.0859538486484062	0.04908094793456832	0.14959306489906563	0.13206803133256964	mouse	batch
1634	0.01595802219517597	0.053387937305898844	0.004776393714166782	0.10901483878626181	0.08632948239953935	0.022106920005947873	0.12211189660508713	0.09345207623990293	0.13632733130654684	0.08809247825265139	0.11046277807145569	0.05940425209649572	0.09857559302086964	mouse	batch
3268	0.021218541387926233	0.0	0.1652180912197507	0.026482427191414606	0.08301999943766816	0.11061655108366279	0.03410727010315413	0.020009441172790635	0.16142375548873952	0.03344036925768392	0.09139558587230637	0.11710385846621885	0.13596410931868433	mouse	batch
657	0.004633664562282408	0.07343424154514927	0.043652210318762485	0.05233142429134603	0.10521447049510026	0.14399190303008852	0.016174511013383876	0.11853914878803315	0.11493578388818328	0.052549135224102025	0.054913781138438485	0.1012769649487191	0.11835276075641094	mouse	batch
2374	0.16369566653261075	0.15518008702196268	0.1597873049778061	0.08605343518917383	0.11116629386995103	0.05748570695379515	0.05888334811289409	0.021506741527521078	0.020363256770090127	0.08027064361853489	0.007598544577560877	0.03996583515800388	0.03804313569009547	mouse	batch
2225	0.08949276947083928	0.043496288357922755	0.008981451926018116	0.09505832258703063	0.1168696728822907	0.05401556155091523	0.05341011803057461	0.04381715033382091	0.0637375506717157	0.0421067152353207	0.11857940387896973	0.14609147494740712	0.12434352012717469	mouse	batch
4264	0.0703001383720113	0.0	0.0	0.1173877841875572	0.19662725589053334	0.12239326064244468	0.0	0.001685720613365351	0.13028510523164316	0.12736457521944192	0.09341499430875753	0.025898313318008088	0.11464285221623735	mouse	batch
4504	0.15469813343844174	0.15949850348400285	0.04146160832147013	0.14116731400862995	0.14238318407212813	0.01565129747974713	0.09024568451989805	0.0	0.03212996463016894	0.12825942070595103	0.0	0.008423671260582962	0.08608121807897903	mouse	batch
2826	0.00918486477576698	0.09143279861457144	0.07003240678530827	0.03186856821067696	0.0414751098386079	0.0	0.16200062068006452	0.15962676234827414	0.04697087733929053	0.07690689191862164	0.1631288655087086	0.026392311251436023	0.12097992272867295	mouse	batch
3114	0.21282900494732757	0.0	0.03674299227943589	0.16862679264304267	0.005133994394822122	0.0003568452212623451	0.0	0.0	0.05945062261224935	0.1364398070025433	0.0	0.2378309235310961	0.1425890173682208	mouse	batch
2312	0.03275745199121299	0.005204446805272485	0.061664889992115904	0.00068026535254951	0.1192583066782779	0.20723405815346596	0.019620310826921523	0.1300217572123436	0.13069855772412092	0.0469293660537503	0.10322586045130001	0.1354568149328066	0.0072479138258624174	mouse	batch
4831	0.1754089064204886	0.0714922167231495	0.0685372763429905	0.0	0.0	0.07927570788897012	0.16113918107647635	0.10187718351369686	0.1628168245709605	0.0	0.0	0.17945270346326753	0.0	mouse	batch
2107	0.08057669087214336	0.09087829724866119	0.013192550597671084	0.016149538214856828	0.051175223957740434	0.04228012665119049	0.05477734555216007	0.11060939268714236	0.07272652151499553	0.13779143027116172	0.17628864428728988	0.11570781521431933	0.03784642293066775	mouse	batch
977	0.029022075595900112	0.023086379768759522	0.11693565400809286	0.15205285411857966	0.04415185228661178	0.08547650286586221	0.15098191888168025	0.054109639136126195	0.12094446475505784	0.05718694686872778	0.13657381038754512	0.0030298080560740917	0.02644809327098259	mouse	batch
1197	0.04398811435247804	0.04712421769882144	0.09456033387654189	0.13861857838591457	0.04910505369793677	0.10559021324643078	0.1775514354015993	0.15966394094081862	0.025233695234557936	0.0018328024784665662	0.11453860143623863	0.025691740735718515	0.01650127251447688	mouse	batch
4253	0.0	0.0	0.26869337122034315	0.0	0.0	0.13778004521749282	0.0	0.590742650588058	0.00278393297410615	0.0	0.0	0.0	0.0	mouse	batch
3504	0.09534270054463051	0.122510747290239	0.0	0.04418545637241094	0.08056141608334545	0.14106519951765287	0.10632604211057022	0.11251017935645449	0.09911142214118127	0.0681919825714794	0.12553586873537342	0.0	0.004658985276662534	mouse	batch
1961	0.11815346329670212	0.03467863454688962	0.12143247935507051	0.11632347755381836	0.1260950258539971	0.12620711618101588	0.025740055607640817	0.011290123466154066	0.10336820866909185	0.10348172388912552	0.023510284526986436	0.08774924940062716	0.001970157652880394	mouse	batch
3040	0.0	0.0	0.0	0.0	0.3172691996945614	0.0	0.0	0.26439771356035446	0.0	0.0	0.2075643881954873	0.0	0.21076869854959684	mouse	batch
26	0.13843694859091807	0.17982144393933908	0.09901551757371292	0.04352122479913075	0.06592937122411748	0.0714746684036948	0.02229100257723762	0.014767324334267556	0.0718223833444042	0.09432668600432424	0.04527696627436629	0.0011595109024125285	0.1521569520320745	mouse	batch
3523	0.0	0.0	0.3313569761210664	0.0	0.03077509957687986	0.0	0.0	0.0	0.3163729397387532	0.0	0.0	0.32149498456330033	0.0	mouse	batch
4120	0.0	0.18901323970695735	0.0	0.23241034671642477	0.3375347588413616	0.0	0.02291492752592206	0.0	0.12813179227436908	0.02253869039400173	0.06745624454096331	0.0	0.0	mouse	batch
3800	0.05651640545862419	0.0	0.0272538190344724	0.0	0.12160079257614291	0.1661153359089332	0.05463482198234215	0.03746229126453518	0.10081263377061912	0.013716031103821098	0.15530872270169863	0.09369761226752459	0.17288153393128639	mouse	batch
315	0.03440149932313892	0.040458715332406955	0.11286950638644924	0.09653890006261091	0.04257028421535842	0.11885788731447146	0.12324045718738354	0.10117593805279428	0.04757148799047545	0.09243433275741401	0.04507018566776452	0.08608980065583623	0.058721005053896304	mouse	batch
1578	0.12046356262650296	0.033025326186881934	0.0951292462158377	0.0066178933989210495	0.05435969588628544	0.0822038400471215	0.12199889867599807	0.09784692165312668	0.118334331763389	0.10787254215790255	0.03825411880879898	0.11608729578469078	0.007806326794543487	mouse	batch
3630	0.0	0.0	0.10724619895607518	0.0	0.0	0.0	0.0	0.3145037948401832	0.0	0.0	0.3409721302814324	0.2372778759223092	0.0	mouse	batch
1874	0.0795060225707978	0.07097898076418223	0.02467173372311281	0.08800462619841704	0.12752087357841724	0.09999844276068187	0.0946055850862313	0.04765520756687878	0.07366331130261826	0.0391941799117581	0.07891586301058306	0.09505574657463592	0.08022942695168564	mouse	batch
2809	0.0	0.2919606106798147	0.0	0.19877253368085845	0.0358191730065155	0.1235654142105739	0.0	0.11084747784029302	0.0	0.0	0.08242131265258655	0.14264510393128316	0.013968373998074624	mouse	batch
2836	0.0	0.0	1.0	0.0	0.0	0.0	0.0	0.0	0.0	0.0	0.0	0.0	0.0	mouse	batch
2372	0.12816127314724268	0.13091720442550966	0.11350475673122831	0.0376969079991102	0.11483658626477812	0.08433325914093509	0.022062874366017095	0.01363611823279048	0.03611444954519673	0.03698977684868462	0.10798819416618438	0.11020740295601082	0.06355119617631175	mouse	batch
1235	0.022718326316054173	0.019671830332000886	0.07881389440991068	0.008518606679247226	0.1445968117370784	0.059093993968371714	0.15045984949363395	0.09130500100245481	0.12018149697165041	0.019646208907910415	0.16593835871940518	0.1047437844833139	0.014311836978968134	mouse	batch
721	0.04077814544361085	0.021934841512657687	0.16412297352807673	0.1518586370601047	0.008732706625602719	0.10629163972872911	0.14345115043984064	0.08456998677748544	0.04462945921604748	0.01978894272738799	0.13667180535770218	0.04251816000126596	0.03465155158148853	mouse	batch
80	0.045216486962324054	0.058501866250473565	0.016076689119836958	0.11796470121997378	0.14773326724519947	0.14878734787949174	0.1071739014051219	0.05180749003512673	0.02846491527313393	0.07482911382531351	0.0507458216941109	0.001152027489415185	0.15154637160047846	mouse	batch
1723	0.140341093283042	0.027463510629433214	0.016459163574237816	0.14240756095311893	0.07851164047102012	0.1453175876128415	0.06334652878450794	0.10868110720221309	0.05632807326564771	0.0017728019226874146	0.09101039072470873	0.07127827349427962	0.05708226808226183	mouse	batch
4415	0.004710477372832326	0.02948326132120117	0.1711501522927964	0.0	0.0	0.2442482079808915	0.0	0.06261047291696215	0.2315157395318575	0.04780079490045292	0.0	0.0	0.20848089368300612	mouse	batch
2559	0.007123791386109277	0.018988378350780245	0.14572215382986173	0.0	0.0	0.1610678890141461	0.16070212847879536	0.1280780053592213	0.2446859263742574	0.027867752340717214	0.10524446371443195	0.0	0.000519511151679442	mouse	batch
2964	0.0	0.0	0.027380056113655474	0.0498398300739824	0.15045651777873748	0.0	0.12895392381441245	0.14643536179563243	0.1000631698979711	0.08843673801160519	0.1434371045812405	0.035187676327207325	0.1298096216055555	mouse	batch
219	0.08990166554451584	0.12040983549326237	0.10783640437918293	0.055678606316598545	0.10511558495098138	0.04369314277127229	0.005437681787889008	0.06491629471720667	0.13164239529189659	0.09539440082420772	0.023152827905703346	0.05958008221152188	0.0972410778057614	mouse	batch
4139	0.06977400293942461	0.1042970162476357	0.11736200378673374	0.0	0.08459991468271309	0.11323434794895655	0.03706589540723101	0.10117535918467004	0.050637080261591	0.08141192007489712	0.10004406066752186	0.1170721619539288	0.023326236844696632	mouse	batch
677	0.062155893033859	0.09077031477035798	0.08445870067802058	0.09709143689612305	0.10505132035936308	0.053958682846345356	0.08104577823759887	0.07839209801739078	0.06582467082826336	0.02611534940346153	0.0991868509549734	0.10046059455994089	0.05548830941430219	mouse	batch
354	0.07182880006176798	0.1282709033993761	0.11057976054131965	0.08502008109960993	0.09054535616367057	0.08075882847662448	0.054041932271234605	0.032481402245841236	0.057015916524048436	0.10520403313396418	0.12168712755919181	0.01950540808830926	0.04306045043504181	mouse	batch
949	0.08101167241754087	0.04496732866969755	0.02824149881236453	0.09141484662315409	0.049020184109890494	0.11722803613816411	0.03072218156261931	0.1448182650699514	0.08139454275430298	0.006228091276908976	0.16499262391291716	0.0467325425818587	0.11322818607062982	mouse	batch
577	0.13944871717211973	0.0665777785196605	0.0073036707415743635	0.14637306783502319	0.0077138438875265425	4.920893543802053e-06	0.14109962520540673	0.14735976193236433	0.0779719266460442	0.10922515539942458	0.0042297636333530906	0.11867125286214537	0.0340205152718134	mouse	batch
1612	0.015765731969447215	0.06901556818800636	0.0700819129683872	0.10375163646834905	0.04555943356394292	0.026420153148558195	0.09911202229598792	0.042627455281496335	0.13249381821654577	0.12262983813265788	0.1288000917423557	0.04237407098911069	0.1013682670351547	mouse	batch
3779	0.5915930961011024	0.0	0.0	0.4084069038988976	0.0	0.0	0.0	0.0	0.0	0.0	0.0	0.0	0.0	mouse	batch
47	0.0019031643246424225	0.12696033264193937	0.15191400812276207	0.053411874416360444	0.15268656415557327	0.03092639410089818	0.05226380580798441	0.08596099986571416	0.02598437314845614	0.16839216672129037	0.0040596881023785844	0.04024371559373871	0.10529291299826175	mouse	batch
1360	0.14096133899577792	0.017188764828230223	0.03806178062637702	0.01762234162896798	0.06387246704291456	0.07178724760969087	0.1468811805519369	0.08397366611936843	0.03661155488910273	0.06919354867122364	0.11991622395336955	0.06552354186521826	0.1284063432178219	mouse	batch
734	0.08596556503190604	0.05089217128074488	0.06274578016523887	0.09832439849807924	0.11804255131015086	0.021458716550920718	0.10416830383934152	0.0533116181314039	0.09902699587764721	0.12022961610911921	0.029488111066244407	0.05359155347832556	0.10275461866087768	mouse	batch
4359	0.0	0.0	0.0	0.0	0.0	0.0	0.0	0.0	0.0	0.0	0.0	0.0	1.0	mouse	batch
3707	0.09853580015718151	0.02519062717118874	0.06794827310902433	0.0	0.11114284221774852	0.09355816157823668	0.07584824939422516	0.11580820681250086	0.05628037189496403	0.07982039528324068	0.14667571145916386	0.014616781269938725	0.11457457965258673	mouse	batch
4254	0.02044617396464438	0.17752919274959064	0.03779854531133801	0.0	0.11632160238267059	0.0	0.16257910743933704	0.17353146880042317	0.03121083851907165	0.0	0.061590305888140885	0.0	0.21899276494478354	mouse	batch
3142	0.2175659930129464	0.0	0.0	0.09025017791344768	0.032876872766183965	0.17487625738273818	0.16587761373109558	0.0	0.04048473921486157	0.04595958363119524	0.12891901282004462	0.0	0.10318974952748682	mouse	batch
4925	0.1562077034133032	0.0	0.0	0.5452206099575048	0.0	0.0	0.0	0.0	0.0	0.0	0.0	0.0	0.298571686629192	mouse	batch
533	0.1338752348356249	0.12209630255896717	0.059172342387846	0.008759465789727399	0.012595436487297447	0.12593346785926002	0.054492351205335014	0.09391226728433864	0.10888177180477522	0.039405088185369495	0.04863620340291772	0.0980532159087703	0.09418685228977068	mouse	batch
584	0.13257069240890967	0.00556128719727585	0.028480415303525138	0.10089937086645229	0.018289852456001152	0.06254775303105843	0.11090087741340272	0.1517548074029749	0.0843701117397179	0.09887017687599989	0.05062558882250343	0.13445240725238614	0.02067665922979236	mouse	batch
4525	0.1187190938306698	0.01153206712420079	0.05941957295952163	0.10901510199329859	0.030876490842988023	0.0	0.14349646280654113	0.07282595778406516	0.1428575739866291	0.10338618429284639	0.08030372322657901	0.0	0.1275677711526603	mouse	batch
4800	0.0	0.0	0.2934205825328734	0.06329597022833768	0.1667380682492346	0.0	0.0	0.0	0.0	0.16412803242217058	0.0	0.3124173465673838	0.0	mouse	batch
1425	0.025444867632555962	0.0455855287886355	0.03832927589413886	0.12186372265442062	0.1402779841864991	0.18637707978221282	0.03345686487590034	0.07754676024636824	0.07502025892164385	0.03166532749465054	0.12799031954843626	0.04220710799239092	0.054234901982146866	mouse	batch
807	0.10032545974760984	0.008790163722478908	0.06793892812714829	0.09934511567338924	0.11512119599022202	0.09582112969373249	0.0730322098902385	0.11646279446448346	0.027048956606257706	0.02423728073144239	0.07137811626992077	0.12655886047902093	0.07393978860405534	mouse	batch
4743	0.02359031450000445	0.14066996308463064	0.05942315026585892	0.021773046999596264	0.11934099123308524	0.1184966049228016	0.10112182981536472	0.08169383505255201	0.05786792508088987	0.10006507963927724	0.10061321477977567	0.0	0.07534404462616336	mouse	batch
1041	0.08065260403455947	0.08039063484419598	0.015108558410808786	0.14014362774135786	0.045460654179933314	0.03839253974528118	0.07842513272239376	0.06759787258733561	0.07230278190059715	0.09335124603537813	0.13141405589272406	0.04978392819045876	0.10697636371497596	mouse	batch
1876	0.12166708348546455	0.01524061098903234	0.12114094300035316	0.06577553389244145	0.015340050620711781	0.1525404753719498	0.05311771496075387	0.06338945939948358	0.005104081340064884	0.0946823041467631	0.03844669079486147	0.1790720174492689	0.07448303454885119	mouse	batch
881	0.13626377987173188	0.061200658412594776	0.04457460875673765	0.09887568782449468	0.07598831317560263	0.04596958792491378	0.04984389745631124	0.06202662610213789	0.09310499734806771	0.13989932280685555	0.05367240158074534	0.09336811605328939	0.04521200268651734	mouse	batch
2796	0.17583248843731877	0.10183329621131748	0.02397895648366694	0.0	0.0	0.08512411047071534	0.16252350454444944	0.0	0.1567126512275342	0.060625245856982424	0.0	0.09837890390604746	0.134990842861968	mouse	batch
4968	0.0	0.0	0.0	0.0	0.0	0.0	0.0	0.0	0.0	0.0	0.0	1.0	0.0	mouse	batch
4246	0.001290213662735451	0.0	0.0028020435657383895	0.15222125522834265	0.014346978041303653	0.047228456092532366	0.1683536496452151	0.13635631476126078	0.1623306478878215	0.03318293846816674	0.13077155826115727	0.0226458570803061	0.12847008730541995	mouse	batch
2173	0.01799345093330462	0.08393747787946451	0.03449863670197426	0.07535547837367176	0.09715525243557314	0.13156421020623035	0.10189304882176932	0.12991805209827245	0.0387926556999931	0.10614583278237692	0.06817364745002241	0.09144013782416122	0.023132118793185975	mouse	batch
1505	0.031275999478948206	0.12727283087327704	0.14736497722276887	0.1559441581311404	0.11859364961810175	0.0181869734862482	0.08931672366894233	0.0026487861592241536	0.0533180500201136	0.1193852267506404	0.08501813485206157	0.002048044271731404	0.04962644546680196	mouse	batch
1412	0.009093171036824351	0.12474256518771357	0.02264329358584583	0.09735740661065913	0.13358153357146885	0.06478292101518397	0.037584935557206024	0.009393345510676297	0.1822770417435927	0.03482380539297272	0.12835365513249025	0.0983241996362568	0.05704212601910945	mouse	batch
3464	0.0	0.0	0.0	0.2532475546844765	0.0	0.18313797886867358	0.06708151650542277	0.19216826874054643	0.26166401229280134	0.0	0.04270066890807955	0.0	0.0	mouse	batch
2295	0.035176339063168215	0.07221290959186888	0.058621058844357574	0.1530416561459859	0.049895138521194905	0.08397793290310243	0.061184490618254726	0.04612146641310341	0.04080148484079906	0.1099905453093287	0.1380619969026189	0.06911453066666857	0.08180045017954861	mouse	batch
803	0.01784335231408141	0.1337715494084562	0.12600669076010707	0.060060888573543435	0.09602301719099832	0.1021170593553128	0.06604718632500811	0.09841891463130614	0.04507669666700969	0.08503923802188543	0.06260945629882307	0.07537841818502243	0.031607532268445954	mouse	batch
4644	0.0	0.0	0.0	0.0	0.0	0.0	0.003708989223855896	0.055952565339923724	0.0	0.4080918483738501	0.0	0.0	0.5322465970623702	mouse	batch
3828	0.0	0.10273548054548393	0.0	0.0	0.06640407634366334	0.16244742750525512	0.12491432543823243	0.0	0.016674974223015004	0.2912556337944819	0.029898259192964405	0.0	0.20566982295690386	mouse	batch
566	0.08793181582310126	0.13236451104287947	0.020396454343880117	0.12120312530284086	0.04471909039175019	0.13101157741754405	0.06575101323853506	0.05697010913745678	0.1354193487671748	0.05471918106721962	0.03438835710289871	0.07688092577064123	0.038244490594078	mouse	batch
3651	0.0	0.0	0.0	0.0	0.10997868050199337	0.03283253537309855	0.17061182237696096	0.07545300209065839	0.11308983748446577	0.14749194828012357	0.16729244672096094	0.0	0.18324972717173857	mouse	batch
1115	0.1317472254519264	0.10601918330769795	0.026014587042466626	0.16005472388345832	0.13583564247217625	0.10477192917440269	0.058777827495403494	0.02563717307118236	0.04883575478088451	0.08348436179471133	0.000223171031494806	0.07477263139871836	0.04382578909547686	mouse	batch
1432	0.03067892167527136	0.15543948504208407	0.00845937049566261	0.11528600664261968	0.018062571611233896	0.14274622679772778	0.11494273988166344	0.06818086463628377	0.050374599255399895	0.056739283772061964	0.10505965303387868	0.06189405565170107	0.07213622150441154	mouse	batch
2922	0.0	0.0	0.0	0.0008654800681039724	0.21291919712225751	0.1200660550110927	0.0576526900502351	0.0	0.13161881209342835	0.0	0.1360206714285569	0.3408570942263255	0.0	mouse	batch
644	0.11056169510682982	0.13141179603358785	0.024071735600349108	0.0868511465625913	0.11428285119584523	0.11372807358768217	0.04510015740351286	0.10238166065466558	0.002606797301076206	0.08608248112046535	0.06874620281367019	0.013796138490506532	0.10037926412921767	mouse	batch
4093	0.0968655315690459	0.0	0.0	0.0	0.0	0.0	0.25465538925229547	0.030407054440510343	0.2705880674836072	0.0	0.0	0.08836308240493326	0.25912087484960783	mouse	batch
4691	0.059024150230579976	0.08103986596033816	0.0	0.0	0.1711506675086186	0.12742855595669447	0.10283437479939773	0.0	0.21510287366217112	0.0	0.20008568776755078	0.04333382411464913	0.0	mouse	batch
134	0.10048768439623766	0.15484729446052856	0.07146750492543996	0.16812310567913838	0.00473902225932577	0.1562978751855322	0.005412436983068013	0.1403542549997254	0.0273313261248924	0.04509983324760652	0.050392886468079184	0.049450858672703796	0.02599591659772233	mouse	batch
2276	0.035841309806654266	0.17571694439965513	0.019562385595536372	0.14776793143910028	0.0808232683309171	0.06688576902635326	0.10038518793713246	0.006309610529369256	0.06942868591891631	0.16291494962112132	0.03219466838300224	0.09333313342178433	0.008836155590457823	mouse	batch
3559	0.07574280677486855	0.0	0.0	0.20824155809023892	0.0	0.06973800989954854	0.0	0.0	0.0	0.13210730016200176	0.17085003996421955	0.1022479887142395	0.24107229639488315	mouse	batch
567	0.1005106573869655	0.13902810031613316	0.04847957263954985	0.03295607085054555	0.004967408822350232	0.005839242919603445	0.09646703621510459	0.1448327958809664	0.008604749093316617	0.11631554502859585	0.09012793567047735	0.11232792283175831	0.09954296234463297	mouse	batch
856	0.1416127758024166	0.0030319876007917517	0.08740410214705586	0.03177432626428631	0.05279972386387006	0.11825725864709394	0.054649702520718005	0.1528026668368474	0.054804811313260184	0.1005726927563108	0.10207552758034742	0.0008412548210930289	0.09937316984590844	mouse	batch
4769	0.03149933271392358	0.06288237153389489	0.14777586493868414	0.1977207326840249	0.09588656355387029	0.11321223403978452	0.038783656211125374	0.2387904913957861	0.0	0.02461096762737543	0.0	0.0	0.04883778530153069	mouse	batch
2654	0.08902680294596449	0.12717838989935878	0.050468949639947226	0.14104812869866012	0.06104752509782692	0.0	0.059582652191575255	0.11235026019261816	0.0	0.21521494531871485	0.04408036878936716	0.0318633228600961	0.068138654365871	mouse	batch
602	0.11976290590839365	0.07160728476496676	0.1395819886021505	0.04876681787381951	0.04190793850133011	0.07676417862870653	0.06424206832198895	0.004768509574283446	0.14535756170478042	0.06705523691642816	0.005985751008723261	0.09859616871970397	0.11560358947472463	mouse	batch
3822	0.0	0.0	0.0	0.0	0.0	0.0	0.0	0.0	1.0	0.0	0.0	0.0	0.0	mouse	batch
605	0.03725965505626321	0.08018894099675315	0.0928801408499164	4.2519302642373406e-05	0.11880226205801545	0.09488947280595265	0.065967454912746	0.10522850823108781	0.04142372383466316	0.10545187457608723	0.0807583828206868	0.10559111144414819	0.07151595311103759	mouse	batch
298	0.04275394832911678	0.0979296166554036	0.04536511379062781	0.10876522014358038	0.08726316241413834	0.07357911201558895	0.06857400155988792	0.10136377706642351	0.08235911960296136	0.07339888698241993	0.0343114931860792	0.07219025137605928	0.11214629687771299	mouse	batch
2536	0.0	0.0	0.0	0.0	0.0	0.3751055929555213	0.2519545080937816	0.0	0.3208792261635506	0.0	0.052060672787146434	0.0	0.0	mouse	batch
2229	0.046418212223227534	0.06044590527567443	0.05787874941064222	0.056591853732480206	0.13680870705912102	0.07762082032974232	0.15613059668371773	0.05602980999458801	0.1463190816818982	0.015230586247876174	0.10000328705888142	0.08712594969303145	0.003396440609119323	mouse	batch
1158	0.15238276682029306	0.051694640965273965	0.05407064071697189	0.13522574792818554	0.10446548044117893	0.02910630775659692	0.08194309172489414	0.09368306756784256	0.01719481122679668	0.09664216687439127	0.00784127270266373	0.05434948019630389	0.12140052507860738	mouse	batch
2662	0.06682007519953126	0.24127881359155404	0.0	0.0	0.0	0.0	0.0	0.06531533381735732	0.2350090743853492	0.0	0.14420548445852097	0.24737121854768723	0.0	mouse	batch
4012	0.0	0.4754852048398105	0.0	0.0	0.0	0.0	0.0	0.0	0.0	0.0	0.0	0.0	0.5245147951601895	mouse	batch
2505	0.0	0.0	0.05153530015812975	0.2972918859478873	0.15044861577765814	0.0	0.0	0.07895584646442157	0.0	0.0	0.0	0.0	0.42176835165190324	mouse	batch
3409	0.29999004805075474	0.0	0.0	0.0	0.10055449126719128	0.0	0.0	0.12198221274873966	0.2454210348710226	0.0	0.1159392576884762	0.0729308442519386	0.04318211112187697	mouse	batch
4588	0.0997961029879543	0.02852644866021979	0.0667007924469963	0.09704112618254424	0.150903895145707	0.005881470548757287	0.15375279091761085	0.1173954008306139	0.13266675337037104	0.00596655736349171	0.06825800656477028	0.0	0.07311065498096331	mouse	batch
283	0.08434722386592369	0.07982440147611801	0.1058113411300986	0.10543130319394847	0.09686916747455393	0.00590104811881213	0.11299005865799437	0.07461688960221748	0.06348477336219832	0.09618809721206276	0.041906420085197155	0.10100309483856888	0.031626180982306074	mouse	batch
1592	0.078277470287153	0.1473227715217166	0.11427404650448456	0.021791932609145852	0.000643851941225228	0.13034963030535945	0.07211527609366568	0.07566527395338046	0.0590378137419471	0.12388746743884996	0.03503058791086199	0.08920776713867738	0.05239611055353287	mouse	batch
2284	0.09630537925695268	0.06576401696653092	0.13182516207158634	0.04448922481635798	0.10727361645538785	0.12189008833054703	0.04649249879103039	0.028546131595682808	0.10498090959813129	0.004484743617500817	0.07556879534370857	0.1295281237706042	0.04285130938597894	mouse	batch
3575	1.0	0.0	0.0	0.0	0.0	0.0	0.0	0.0	0.0	0.0	0.0	0.0	0.0	mouse	batch
3545	0.0	0.0	0.0	0.0	0.0	0.0	0.0	0.0	0.0	0.0	0.0	0.4435281601720952	0.5564718398279048	mouse	batch
2702	0.0	0.32670467923981567	0.0	0.0	0.26646157760143785	0.0	0.0	0.26566695960285913	0.0	0.14116678355588727	0.0	0.0	0.0	mouse	batch
4561	0.0	0.29618695293930386	0.0	0.0	0.0	0.34213786341936886	0.0	0.0	0.3616751836413272	0.0	0.0	0.0	0.0	mouse	batch
833	0.0367006276460632	0.11575142372224312	0.12365595127335488	0.006893268185334125	0.06142583571461356	0.13520714088745794	0.1075596910883522	0.00592708737521726	0.1220975976801061	0.13084342793303408	0.05277694296232076	0.0673104483186494	0.03385055721325339	mouse	batch
366	0.09198340724814898	0.15005808892246877	0.11237498508983956	0.07819450098090205	0.026454842348228633	0.07729225059862692	0.07473831354871238	0.01806416386512179	0.05698168056875955	0.0151090994047861	0.06778178835695332	0.08092817839830754	0.15003870066914435	mouse	batch
4479	0.09426075686221222	0.09937697144066404	0.0	0.0	0.10444206464522027	0.14870655488620219	0.0	0.03981774603366492	0.1804759086612627	0.1602994757824379	0.0018350309296408982	0.0034755960050519095	0.16730989475364313	mouse	batch
19	0.13823860145596553	0.14549784786812356	0.03399728787470422	0.0319419051332405	0.14032236553725264	0.047664915835812734	0.12552565048306374	0.06880513460603808	0.013179963477684038	0.13212057406648087	0.0411081187052944	0.052495244161359964	0.02910239079497973	mouse	batch
438	0.09498569008309796	0.15007037252433805	0.048067203737401004	0.008354575806236414	0.003877293002006018	0.08552481586851687	0.09700050713178725	0.08426740793047165	0.1467477577929398	0.04743568954681461	0.0908637454302544	0.11649323898537726	0.026311702160758798	mouse	batch
3433	0.0	0.09010576369400276	0.09080727329915028	0.10209046936507349	0.05283688636374118	0.09679588103320913	0.1035928034623224	0.11171164187166556	0.04503401986784055	0.0	0.12607934917366814	0.12631885446633925	0.05462705740298732	mouse	batch
3688	0.01917312361743937	0.0	0.10073824829427006	0.13479121136348426	0.18034978103936355	0.13749995039265556	0.0	0.04358864690865152	0.10837783590522797	0.04441723761701854	0.1533004042229501	0.05852845652359468	0.01923510411534448	mouse	batch
2077	0.09561798137266413	0.13242750330937836	0.034542034071517236	0.014073838851080754	0.04775078920192229	0.1627940852893955	0.0789641804021515	0.07270423502994235	0.07715155411361531	0.15055342257218854	0.11179066282044803	0.016470558665420396	0.005159154300275504	mouse	batch
2929	0.0	0.6090755056206042	0.0	0.0	0.39092449437939586	0.0	0.0	0.0	0.0	0.0	0.0	0.0	0.0	mouse	batch
2498	0.13106156378236672	0.012522783000242576	0.08239647145963724	0.12390763231875856	0.06149661662755911	0.09331824106209831	0.06667729471679504	0.031567558389150284	0.12555833361054328	0.012249426736330043	0.05958911781471574	0.11024446272269359	0.08941049775910943	mouse	batch
4652	0.16855385901328465	0.12299135781944308	0.11232385793466619	0.06986697093167331	0.0	0.02079625045603244	0.060069505855543326	0.12439541200440646	0.18055283022294047	0.0	0.0	0.0	0.1404499557620102	mouse	batch
668	0.07135328354887806	0.1025533208615347	0.11056724255847955	0.08054973761714575	0.013532526884907144	0.030083169615298052	0.0609757966007477	0.09204524923355345	0.11451455679980387	0.07355589750890232	0.04865806995735854	0.07081527405899414	0.13079587475439672	mouse	batch
4059	0.0	0.3291178473207984	0.0	0.0	0.10830927188949308	0.16284165974833853	0.26327943526000763	0.0	0.13463333978064518	0.0	0.0	0.0	0.0018184460007171265	mouse	batch
3026	0.07959315548803145	0.08911416816299843	0.1957683284337949	0.0	0.0	0.15970523739854195	0.0	0.10972329756650599	0.16198200627237125	0.06569844136732574	0.027677001838736802	0.018904252114285428	0.0918341113574081	mouse	batch
